8
2.000000 0.500000 0.000000 0.000000 0.000000 0.000000 0.000000 0.000000 
0.500000 2.000000 0.500000 0.000000 0.000000 0.000000 0.000000 0.000000 
0.000000 0.500000 2.000000 0.500000 0.000000 0.000000 0.000000 0.000000 
0.000000 0.000000 0.500000 2.000000 0.500000 0.000000 0.000000 0.000000 
0.000000 0.000000 0.000000 0.500000 2.000000 0.500000 0.000000 0.000000 
0.000000 0.000000 0.000000 0.000000 0.500000 2.000000 0.500000 0.000000 
0.000000 0.000000 0.000000 0.000000 0.000000 0.500000 2.000000 0.500000 
0.000000 0.000000 0.000000 0.000000 0.000000 0.000000 0.500000 2.000000 
-0.652706
18.196707
-5.934000
-23.730000
43.709999
-53.399998
4.683333
111.000015
