0.000000 0.000000
0.750000 1.000000
-2.361538 2.000000
-13.196154 3.000000
-35.615383 4.000000
-73.480766 5.000000
-130.653839 6.000000
-2.361538 0.000000
0.750000 1.000000
0.000000 2.000000
5.696154 3.000000
28.146152 4.000000
77.657684 5.000000
164.538452 6.000000
31.207691 0.000000
4.946154 1.000000
0.000000 2.000000
1.500000 3.000000
-5.423078 4.000000
-35.638466 5.000000
-104.015388 6.000000
-94.965393 0.000000
-32.438465 1.000000
-4.673078 2.000000
1.500000 3.000000
-0.750000 4.000000
1.746155 5.000000
22.157696 6.000000
80.788475 0.000000
41.707699 1.000000
17.296156 2.000000
4.246155 3.000000
-0.750000 4.000000
-1.000000 5.000000
0.188461 6.000000
41.846153 0.000000
21.769230 1.000000
8.884615 2.000000
1.753846 3.000000
-1.061539 4.000000
-1.000000 5.000000
0.500000 6.000000
